35618.0 31018.0 18.0 35618.0 3750.0 
35606.0 31006.0 16.0 35606.0 3333.3333333333335 
35202.0 30902.0 15.0 35202.0 3125.0 
34887.0 30987.0 14.0 34887.0 2916.666666666667 
34685.0 30885.0 13.0 34685.0 2708.3333333333335 
34512.0 31012.0 12.0 34512.0 2500.0 
34108.0 30908.0 11.0 34108.0 2291.666666666667 
32720.0 29820.0 10.0 32720.0 2083.3333333333335 
30420.0 27820.0 9.0 30420.0 1875.0 
27900.0 25600.0 8.0 27900.0 1666.6666666666667 
25272.0 23172.0 7.0 25272.0 1458.3333333333335 
22420.0 20620.0 6.0 22420.0 1250.0 
19440.0 17940.0 5.0 19440.0 1041.6666666666667 
16036.0 14836.0 4.0 16036.0 833.3333333333334 
12532.0 11632.0 3.0 12532.0 625.0 
8548.0 7948.0 2.0 8548.0 416.6666666666667 
4400.0 4100.0 1.0 4400.0 208.33333333333334 
0.0 0.0 0.0 0.0 0.0 
