0011001001000000000100100000000000100010000000100010011000000010000000000000001001000000010011000000 
0010001001000010000100000000000000100010000000100010010000000010000000000000001001000000010011000000 
0000001001000010000100000000000000100010000000100010010000000010000000000000001001000000010011000000 
0011001001000010000000000000000000000010000000000000010000100001000000000001001001000000000001000100 
0010001001000010000000000000000000000010000000000000010000100001000000000001001001000000000001000100 
0010001000000010000000000000000000000010010000000000010000100000000000000001001001000000000001000100 
0000001000000010000000000000000000000010010000000000010000100000000000000001001001000000000001000100 
0000001000000010000000000000000000000010010000000000010000000000000000000001001001000000000001000100 
0000001000000010000000000000000000000010010000000000010000000000000000000001000001000000000001000100 
0000001000000010000000000000000000000010010000000000010000000000000000000001000001000000000001000000 
0000001000000010000000000000000000000010000000000000010000000000000000000001000001000000000001000000 
0000001000000000000000000000000000000010000000000000010000000000000000000001000001000000000001000000 
0000001000000000000000000000000000000010000000000000000000000000000000000001000001000000000001000000 
0000001000000000000000000000000000000010000000000000000000000000000000000001000001000000000000000000 
0000001000000000000000000000000000000010000000000000000000000000000000000000000001000000000000000000 
0000000000000000000000000000000000000010000000000000000000000000000000000000000001000000000000000000 
0000000000000000000000000000000000000010000000000000000000000000000000000000000000000000000000000000 
0000000000000000000000000000000000000000000000000000000000000000000000000000000000000000000000000000 
